25.71
23.29
23.97
25.3
26.83
27.12
28.29
27.36
25.3
27.46
27.78
27.82
27.4
27.12
24.42
24.05
24.13
24.13
26.55
25.81
26.41
27.12
27.12
28.27
27.64
28.12
27.7
28.08
27.94
29.56
30.62
30.26
30.26
30.14
29.44
29.21
29.19
29.74
29.01
29.27
28.97
29.48
29.94
30.22
30.12
28.08
26.83
27.5
27.66
26.79
27.82
29.5
28.75
28.55
27.84
25.6
24.96
24.19
24.82
25.62
25.3
26.77
26.57
26.01
25.97
25.97
24.03
24.03
24.09
23.79
22.8
22.96
23.59
23.17
23.43
23.55
23.67
23.89
24.17
24.56
23.53
23.45
23.37
23.35
22.78
22.36
22.68
22.68
21.77
21.9
21.41
23.35
22.94
22.58
22.9
23.35
23.41
22.84
21.81
22.06
22.22
22.16
21.87
22.64
22.84
23.23
23.02
22.78
22.78
23.61
23.29
22.78
22.02
22.9
23.27
23.04
24.23
24.46
23.77
23.97
23.25
22.33
20.77
21.16
20.8
21.06
21.06
18.95
17.94
18.26
18.46
18.85
18.23
18.23
17.94
17.58
17.61
16.15
16.44
16.47
16.31
16.64
16.86
17.32
17.32
17.19
17.52
16.51
16.7
16.38
16.18
16.64
16.44
16.73
16.51
16.67
16.51
15.4
16.93
18
18.62
18.23
18.49
18.53
18.26
18.2
19.11
19.99
20.61
20.28
19.86
19.66
18.46
18.62
19.05
17.84
17.52
17.58
17.13
16.41
16.73
17.13
17.06
17.87
18.13
18.46
17.91
16.83
17.61
17.71
18.72
18.26
18.92
18.39
18.69
19.05
18.1
18.59
18.07
18.3
18.79
18.72
18.56
18.88
18.75
17.45
16.99
17.22
16.83
16.93
16.41
16.31
16.86
16.57
16.83
16.6
16.54
16.12
15.2
15.33
14.94
15.17
14.06
14.19
14.68
14.85
15.27
15.69
15.04
14.88
14.85
15.56
16.15
16.99
16.64
16.64
16.64
16.64
16.64
16.64
16.64
16.64
16.64