6836472055.20 
6192976824.80 
6373793666.40 
6727450136.00 
7134288029.60 
7211401094.40 
7522512424.80 
7275218803.20 
6727450136.00 
7301809515.20 
7386899793.60 
7397536078.40 
7285855088.00 
7211401094.40 
6493451870.40 
6395066236.00 
6416338805.60 
6416338805.60 
7059834036.00 
6863062767.20 
7022607039.20 
7211401094.40 
7211401094.40 
7517194282.40 
7349672796.80 
7477308214.40 
7365627224.00 
7466671929.60 
7429444932.80 
7860214467.20 
8142076014.40 
8046349451.20 
8046349451.20 
8014440596.80 
7828305612.80 
7767146975.20 
7761828832.80 
7908077748.80 
7713965551.20 
7783101402.40 
7703329266.40 
7838941897.60 
7961259172.80 
8035713166.40 
8009122454.40 
7466671929.60 
7134288029.60 
7312445800.00 
7354990939.20 
7123651744.80 
7397536078.40 
7844260040.00 
7644829700.00 
7591648276.00 
7402854220.80 
6807222272.00 
6637041715.20 
6432293232.80 
6599814718.40 
6812540414.40 
6727450136.00 
7118333602.40 
7065152178.40 
6916244191.20 
6905607906.40 
6905607906.40 
6389748093.60 
6389748093.60 
6405702520.80 
6325930384.80 
6062682336.00 
6105227475.20 
6272748960.80 
6161067970.40 
6230203821.60 
6262112676.00 
6294021530.40 
6352521096.80 
6426975090.40 
6530678867.20 
6256794533.60 
6235521964.00 
6214249394.40 
6208931252.00 
6057364193.60 
5945683203.20 
6030773481.60 
6030773481.60 
5788798002.40 
5823365928.00 
5693071439.20 
6208931252.00 
6099909332.80 
6004182769.60 
6089273048.00 
6208931252.00 
6224885679.20 
6073318620.80 
5799434287.20 
5865911067.20 
5908456206.40 
5892501779.20 
5815388714.40 
6020137196.80 
6073318620.80 
6177022397.60 
6121181902.40 
6057364193.60 
6057364193.60 
6278067103.20 
6192976824.80 
6057364193.60 
5855274782.40 
6089273048.00 
6187658682.40 
6260760576.00 
6584124512.00 
6646623424.00 
6459126688.00 
6513473568.00 
6317824800.00 
9708526643.20 
9030277580.80 
9199839846.40 
9043320832.00 
9156362342.40 
9156362342.40 
8238987008.00 
7799864217.60 
7938992230.40 
8025947238.40 
8195509504.00 
7925948979.20 
7925948979.20 
7799864217.60 
7643345203.20 
7656388454.40 
7021616896.00 
7147701657.60 
7160744908.80 
7091180902.40 
7234656665.60 
7330307174.40 
7530303692.80 
7530303692.80 
7473782937.60 
7617258700.80 
7178135910.40 
7260743168.00 
7121615155.20 
7034660147.20 
7234656665.60 
7147701657.60 
7273786419.20 
7178135910.40 
7247699916.80 
7178135910.40 
6695535616.00 
7360741427.20 
7825950720.00 
8095511244.80 
7925948979.20 
8038990489.60 
8056381491.20 
7938992230.40 
7912905728.00 
8308551014.40 
8691153049.60 
8960713574.40 
8817237811.20 
8634632294.40 
8547677286.40 
8025947238.40 
8095511244.80 
8282464512.00 
7756386713.60 
7617258700.80 
7643345203.20 
7447696435.20 
7134658406.40 
7273786419.20 
7447696435.20 
7417262182.40 
7769429964.80 
7882471475.20 
8025947238.40 
7786820966.40 
7317263923.20 
7656388454.40 
7699865958.40 
8138988748.80 
7938992230.40 
8225943756.80 
7995512985.60 
8125945497.60 
8282464512.00 
7869428224.00 
8082467993.60 
7856384972.80 
7956383232.00 
8169423001.60 
8138988748.80 
8069424742.40 
8208552755.20 
8152032000.00 
7586824448.00 
7386827929.60 
7486826188.80 
7317263923.20 
7360741427.20 
7134658406.40 
7091180902.40 
7330307174.40 
7204222412.80 
7317263923.20 
7217265664.00 
7191179161.60 
7008573644.80 
6608580608.00 
6665101363.20 
6495539097.60 
6595537356.80 
6112937062.40 
6169457817.60 
6382497587.20 
6456409344.00 
6639014860.80 
6821620377.60 
6539016601.60 
6469452595.20 
6456409344.00 
6765099622.40 
7021616896.00 
7386827929.60 
7234656665.60 
7234656665.60 
7234656665.60 
7234656665.60 
7234656665.60 
7234656665.60 
7234656665.60 
7234656665.60 
7597952860.16 