11.08
10.87
11.03
10.48
10.48
10.46
10.41
10.1
10.19
10.2
10.26
10.3
9.77
9.89
9.61
9.44
9.09
8.89
8.96
8.89
8.63
8.7
9.1
9.05
8.76
8.86
8.92
9
9.18
9.25
9.1
9.03
9.25
9.32
9.22
9.29
9.25
9.38
9.16
9.21
9.26
9.35
9.29
9.32
9.16
8.87
8.87
9.03
8.95
9.05
8.97
8.99
8.95
8.86
8.87
9.02
8.97
8.9
9
9.16
9.31
9.38
9.18
9.29
9.05
9.21
9.39
9.31
9.45
8.86
8.6
8.69
8.44
8.25
8.06
8.02
8.04
8.01
7.93
7.7
7.85
7.54
7.14
7.18
7.28
7.21
7.3
7.21
6.63
6.79
6.69
6.6
6.72
6.95
6.75
6.72
6.79
6.68
6.47
6.3
6.33
6.27
6.29
5.98
5.88
6.07
5.95
6.07
6.03
5.95
6.14
6.14
6.01
6
5.94
5.94
5.64
5.45
5.46
5.59
5.64
5.72
5.78
5.72
6.07
6.14
5.97
6.03
5.87
5.94
6.13
6.2
6.27
6.36
6.29
6.34
6.33
6.53
6.62
6.68
6.79
6.76
6.81
6.78
6.79
7.04
6.84
6.86
6.78
6.88
6.94
6.89
6.78
6.81
6.55
6.4
6.59
6.43
6.37
6.36
6.43
6.37
6.43
6.46
6.39
6.65
6.76
6.73
6.43
6.45
6.46
6.4
6.36
6.24
6.17
6.03
6.07
6.1
5.97
5.9
6.01
6.2
6.36
6.36
6.34
6.37
6.6
6.76
6.72
6.47
6.52
6.45
6.53
6.49
6.5
6.5
6.4
6.56
6.65
6.56
6.62
6.63
6.79
6.68
6.56
6.59
6.17
6.19
5.94
5.85
5.87
5.81
5.78
5.68
5.71
5.78
5.69
5.64
5.54
5.59
5.64
5.62
5.58
5.67
5.67
5.68
5.72
5.84
5.82
5.72
5.69
5.71
5.67
5.77
5.72
5.67
5.56
5.45
5.33
5.33
5.29
5.3